air_temperature,air_pressure,wind_speed,wind_dir,L,variable,value
287,94075,3.07,280,45.5,1,1.51
287.1,94079,4.11,275,117.1,1,1.52
287,94087,4.11,279,94,1,1.53
287,94100,4.36,284,82.6,1,1.51
286.8,94113,3.08,261,20.7,1,1.53
286.9,94124,3.22,278,28.2,1,1.53
284.1,94253,2.95,309,112.6,1,1.54
284.1,94249,3.37,304,85.2,1,1.55
284.2,94246,3.22,311,89,1,1.55
284.1,94241,4.17,312,174,1,1.55
284,94243,3.7,306,202,1,1.54
284.1,94245,4.09,300,109.8,1,1.55
284.2,94246,3.61,301,203.2,1,1.54
284.3,94241,4.81,303,471.9,1,1.54
284.2,94240,5.11,293,314.7,1,1.54
284.2,94237,4.91,293,222.2,1,1.52
284.1,94235,4.32,292,186.4,1,1.54
284.2,94235,4.33,298,175.1,1,1.53
284.3,94238,4.4,296,154.5,1,1.53
284.5,94241,5.28,295,369.6,1,1.53
284.5,94236,5.93,303,440,1,1.53
284.5,94228,4.8,300,531.1,1,1.53
284.6,94235,5.23,299,1999.1,1,1.53
284.6,94238,5.3,300,-965.6,1,1.54
284.2,94241,5.55,306,1998.6,1,1.54
284,94244,5.65,308,-2371,1,1.55
283.8,94244,5.41,310,-1227,1,1.55
283.7,94245,6.1,300,-373.6,1,1.55
283.7,94248,5.86,304,-969.3,1,1.55
284,94251,5.4,303,-572.3,1,1.54
284.1,94249,5.89,297,-573.3,1,1.52
284.3,94250,6.28,299,-1206.6,1,1.53
284.3,94246,6.43,298,-841.6,1,1.54
284.7,94243,7.03,289,-1082.3,1,1.54
285,94243,6.42,287,-1478,1,1.54
285.1,94247,7.9,281,-1571.1,1,1.55
285,94250,7.6,288,-1743.4,1,1.56
285.2,94249,7.53,284,-1149.7,1,1.56
285.3,94254,7.68,277,-503.6,1,1.57
285.2,94249,7.3,290,-818.5,1,1.56
285.4,94239,6.18,288,-328.5,1,1.54
285.6,94237,6.36,282,-325.2,1,1.55
285.7,94240,7.9,287,-697.5,1,1.56
285.6,94243,7.38,295,-766.3,1,1.55
285.5,94247,7.23,289,-477.2,1,1.54
285.3,94248,7.71,302,-406.9,1,1.53
285.4,94251,7.51,298,-309.8,1,1.53
285.3,94252,5.77,290,-315.3,1,1.55
285,94246,7.29,289,-563.8,1,1.55
285.1,94242,6.9,286,-367.9,1,1.56
285,94245,5.98,291,-176.8,1,1.55
284.8,94244,5.69,289,-292.8,1,1.56
284.7,94245,6.17,292,-310,1,1.58
284.3,94248,6.49,287,-307.5,1,1.57
284.1,94250,5.5,278,-451.5,1,1.69
284.3,94233,6.11,282,-231,1,1.63
284.7,94223,4.41,281,-167.4,1,1.59
285,94215,5.05,278,-333.3,1,1.56
285.2,94209,4.71,284,-146.6,1,1.55
285.3,94207,5.05,277,-299.8,1,1.56
285.4,94205,5.84,292,-443.9,1,1.56
285.4,94203,5.13,293,-348,1,1.56
285.4,94198,4.91,292,-174.9,1,1.57
285.5,94171,5.37,288,-160.1,1,1.53
285.4,94163,6.53,297,-207.2,1,1.53
285.3,94151,6,302,-252.6,1,1.53
285.4,94142,6.33,293,-136.6,1,1.52
285.4,94134,6.49,292,-140.5,1,1.54
285.3,94127,6.67,292,-246.9,1,1.54
285.5,94115,6.28,292,-69.2,1,1.53
285.3,94102,6.58,300,-123.9,1,1.53
285.3,94094,6.16,291,-208.5,1,1.54
285.1,94087,5.65,303,-166.2,1,1.54
285,94077,7.2,294,-266.7,1,1.5
285.3,94069,6.06,294,-156.6,1,1.55
285.4,94065,5.7,296,-142.2,1,1.54
285.9,94053,4.85,292,-158.8,1,1.52
285.9,94050,6.44,301,-244.9,1,1.52
286,94057,6.44,284,-68,1,1.53
286,94058,5.84,293,-121.1,1,1.51
285.8,94053,5.5,286,-51.1,1,1.54
286.2,94049,5.34,280,-74.3,1,1.56
285.9,94046,6.85,270,-269.7,1,1.53
286,94049,5.66,278,-124.3,1,1.54
286,94046,5.44,282,-215.4,1,1.54
286,94042,5.84,285,-265.2,1,1.54
286.1,94041,5.47,278,-328.9,1,1.53
286,94038,6.98,281,-582.7,1,1.54
286,94033,5.66,288,-281.5,1,1.52
285.8,94031,6.43,285,-401.4,1,1.52
285.7,94039,6.22,291,-544.8,1,1.53
285.6,94042,5.01,288,-408.6,1,1.54
285.4,94039,5.68,288,-296.5,1,1.55
285.4,94026,4.61,292,-258.3,1,1.58
285.3,94022,5.04,282,-174.8,1,1.54
285.4,94020,4.57,282,-231.3,1,1.55
285.5,94022,5.28,293,-338.9,1,1.54
285.6,94022,4.99,286,-248.5,1,1.54
285.6,94024,4.53,285,-198.6,1,1.55
